70,45
C: 100.0
gamma: 100.0
recall: 0.6124661246612466
f1_score: 0.616643929058663
auc: 0.7814396739008712
fpr: 0.049586776859504134